[42.19,
38.45,
29.23,
89.35,
118.04,
110.46,
0,
72.88,
83.05,
95.73,
103.15,
94.52,
26.84,
93.93,
90.26,
72.78,
101.36,
104.8,
74.01,
56.01,
39.21,
48.54,
93.31,
104.88,
30.61,
22.57,
63.7,
104.84,
6.45,
16.47,
89.5,
13.36,
44.16,
92.97,
99.56,
92.62,
78.89,
87.71,
93.57,
0,
8.37,
7.18,
11.07,
1.47,
26.4,
13.26,
21.13,
95.03,
29.04,
5.42,
77.21,
72.47,
0,
5.64,
6.48,
6.95,
19.6,
8.11,
9.01,
84.77,
75.71,
88.62,
99.5,
85,
0,
8.41,
3.2,
1.62,
91.1,
10.88,
30.62,
100.05,
26.97,
15.43,
29.25,
1.88,
16.44,
109.08,
2.45,
21.97,
17.12,
19.7,
6.93,
10.05,
99.03,
29.24,
15.21,
28.77,
9.12,
118.75,
0,
13.95,
14.34,
79.52,
2.72,
9.63,
21.34,
104.4,
2.88,
65.9,
20.55,
3.43,
10.44,
21.36,
24.42,
95.52,
6.72,
35.32,
117.69,
106.84,
8.4,
90.04,
3.85,
91.56,
10.13,
5.72,
33.69,
115.78,
0.98,
19.45,
0,
27.21,
89.27,
14.49,
92.17,
21,
106.59,
12.24,
119.63,
23.31,
11.05,
70.48,
92.88,
1.08,
13.9,
9.22,
109.94,
10.7,
0,
11.27,
72.02,
7.74,
5.04,
33.4,
6.95,
6.48,
11.64,
83.26,
15.42,
24.49,
89.13,
111.14,
92.64,
53.9,
114.67,
27.57,
64.78,
45.81,
56.04,
20.39,
31.77,
94.67,
44.32,
3.69,
19.34,
13.54,
18.89,
1.57,
0,
5.2,
2.8,
5.1,
3.03,
9.16,
15.3,
75.49,
68.69,
35,
9.12,
18.49,
84.12,
13.68,
20.84,
100.04,
112.94,
20.12,
53.21,
15.3,
49.24,
9.44,
2.67,
4.69,
41.38,
45.77,
76.69,
13.62,
88.51,
55.99,
115.5,
2.42]
